$ANSIBLE_VAULT;1.1;AES256
61643238643139313234383939326439663164323136383662373132633562313464393031333239
3534333863383238373734363830653232643661653462380a363338306366353064653531323433
65346630616437633164326137346532313064616536306564623935643162393565396636643636
6165613339333861640a343661303435343735646337383934643430353262373533653466636265
35353764613935363534393861346531386265326532323734363635353562313633346435306663
64613732386264313263616464633534323135346636616233366365303236313530666361653461
62396630373538623135646534303864313162626266623564393637613937386266643465356464
65376635393863383538376337386563636661613131626136356639633133383434343364376138
37373537373462323637376635333635386339613038383935663033313964323539623762376135
39333139363431653937346532643039333866313331383934393635663866666238366236346434
31363932343833323130373433376466363364643338626231633631636631393361393065383538
66316362616566336531303332376265383636336361356161393837336535393633306666613035
61653563383935383230653939636363623132626266623339663939343936636462633833373834
62633861663766303639393435356232613034343339393132623333656437653235333937363163
34386161393638383538303765323730373237303032666561313365623933646137353964316361
36333732356135336334386530333662386565313835353633616633346665613134396636313166
38633063323565303839633561353266356438646336663663613466303434623831623731363838
61636662363233626363383137663062303463333330313934326337623233316266386461613033
38346636376165333536353063336332353465626332653233366165393634356236376263323862
35393338376532663637636233313232616463323735626264376431333566303862313466343763
61323365313031623638313438646436323031356531323662393532353030303630386232636530
32636664343435306635653164376664306235633132626331393932333332623461616135303334
33303663313337633265653436363566343138643837333963643131633534313433653535656439
39316334393938643661653765333332306262396564633861646139346664663161306664353065
39363264323164366466666636313733653061666632343861663330303961643833333762623833
61633265333031633762353534653265313635356434626237306362323764633936363662653663
39323663323931353337396530313137656539336462346334343937333030636362356139656664
61363434613338323364333663633734353461376263643061323831356164363935366634393636
63303762343333373364363561323563386666336565396538306463643137343639376362343034
62376139636635363339396663616134646230343130626135323436653361643438633062613434
64613331643961393935346137636562633330333832356134636132646566336664353235396161
64333733633132306132336633616437393132376464633831303130333363653163626635656666
65333437386636393334313366383662303936656163663339353438386666643763393937333338
35343463393035326162316166383839643036663666346136333232383762633836613635666338
36643538353462356336383630613431396632323635623134666434616564646261626365333266
63326463393039303839326232366263373632343639336334323635626465613438326230356161
31333831636132613338323734393433366639353561316233343932663635653531653333386531
66646536663533643464643038326231363637313035383563393133333764323963646437386262
63313534323464383662346531386666646433663763353631393964303538383532353230623461
33303961623862663635633136343733353266346338653233356531636433653437343436666132
35336430663237353531366561396363626439663332653631373363663538326361633762393965
32326439336162313633653438386565313830363937346135383366336637633534373830653532
36616432393561363739343662323733303834653939646534666535376365306330626335326562
33333066373264643231373064343762313161623863626332646236306133343861333737616432
32343633623330616565333430646331626536623333386338653165373464636363653839333832
64363066646237666139613933376561346539343133393937326338353163633039646366613062
36316334313232656336366133313138356636656362306566643330663132336135633865633932
66663435313933623164346330363639646337386138353739613864653838386261623632323937
38306432383066396264323965383732313133373933396463376134323035306231326664623364
62393636626133343665623662616439363365353331323538313963326465333339306536336131
38626236666530613362633566643766653161616234366361386530303038333363386462363562
61313636356666303564643264366161643936666464383738626632353831326164373766303136
32393634393261656232333438653032613838383736323338613265333437356233633633396233
65646638396463663665623363323765376538366136386266313435393631376631633034633532
33336162356535383263333761623766313831653061356164653638646631636566616538626264
63643662613039376131663133326435633935613230643837326264613636376465643238626561
37326164633139616439316134396465333665316239303136333932343235636438363832373539
65383434396134353439383637343465323333653831373062366637373561303565363133313833
39623933323563643065363266346162353833633937343265316239313236393164326239326533
32373762393634343861643737363631373938333339343161323364373134333162333534663138
36393064336131653261636336383463333635616334386365303133633166363337373834356434
30393830333965316561383461613165613236353962393731353565306634303766313135643063
32363665643639353865303466616536326130653830363965383563643639643030333133613931
30303263613232333532393233333737396264366437383366326233363961643466643639383061
33376566623032363566343062316639656430376635336665323961626132663234663333306632
30636661353732336164383338623332336533373435363533336333663137343332623039333439
31633437336432386238386466663030643166643665363361386364326433633733333933613963
38353663303234643764616464663130303661373161343766646434376632346237323561323232
33313833313936323966313062333735336231363337356234643934373833346633306632666430
61353166356662343439616633323733653536613936633731343862393233663134343437643462
65666633393838333530353537373131393064373239613966353739306163666532383862363665
63653334323766656164383566623162393463313631363066616463376633616139636631623662
36373365393063306536616431323865633133383061303633373134303263323832333136313636
61613966646462333539643131356631616235333233623964623736666662393733323234363733
65656364336230343534653362613066313963616533343132353834626563306564343236633936
37303961313433313639643466303034646537303064306664613030616331636238323432356165
37656437386632306162326237393431356332306264633430656261373137323034363732306433
39623736326333353761396235646335646239353030613836313232306430616666623661303032
36373433643563653333383430383663383261303331326638396663363961623663623334623234
34306162353131343632353635633036636663666462346530376334626437333463633034623430
65353432353261303161303337333137326131653066386635626333346663396632363766653961
64383664396530623733666561383932636633333331653430303764303638643534363562313933
37323933306430633062633661653066363461356632376538303336386431346432386237353433
30623538366436393137643963346265313434656564366436376361366466383833376232323334
32666432613439373561366664373662383863653033303365383132663265646266353566303763
39663833376630323466313731623164386265346437636133633663623638623632666163643462
63666137653531356535666363376565323164336436316137326630616565656365653430346263
33643466633335373961623965396235656163366335303565616266333561363136313338613336
31343663396234393963346136393562613363353566633039353365636438303232366239653533
34346263663031633938363936393663376665356637626566303438343361656135353361396339
38336261383765653761303032366461633562623765356338316339353361636135303133333835
39313131626535313130373162383330633262383064633239613763303532393761633331326135
38666261653763353930646234356264646433346363656631333234396565393733333536636336
61316132616434373835623336383964633238656661343833346230323064376361396563323937
37626336663238633237313534346331663661336533396135313634653533643531386334366134
34313130393963363263636436656262393035663139663333353131613065343064363636306239
37316136306335663361643766316561363963346232373463303130616436633462
